
jogos [(2,43),(3,40),(4,50),(5,13),(6,72),(7,6),(8,69),(9,45),(10,18),(23,46),(24,52),(25,32),(26,16),(27,37),(28,14),(29,76),(30,82),(31,76),(32,88),(33,63),(34,15),(35,10),(36,26),(37,39),(38,99),(49,36),(52,5),(53,14),(54,17),(55,2),(56,45),(57,20),(59,34),(69,7),(70,42),(79,43),(81,1),(85,61),(86,41),(87,33),(88,57),(89,39),(91,47),(92,89),(93,65),(0,0)]
exclusivo dieta [(5,54),(32,59),(0,0)]
home [(1,14),(2,48),(3,27),(5,51),(7,91),(8,99),(9,57),(25,5),(26,84),(37,2),(40,75),(52,19),(55,68),(58,53),(59,2),(61,2),(62,10),(63,68),(64,38),(73,15),(74,94),(75,72),(76,13),(77,91),(79,43),(81,12),(84,40),(85,80),(87,2),(92,85),(0,0)]
localidades exclusivo [(2,43),(3,97),(4,29),(5,72),(6,8),(7,75),(8,56),(9,6),(10,38),(23,88),(24,78),(25,45),(26,100),(27,98),(28,96),(29,23),(30,7),(31,60),(32,11),(33,57),(34,71),(35,54),(36,44),(37,84),(38,26),(42,44),(47,16),(52,47),(53,29),(54,16),(55,97),(56,72),(57,46),(69,17),(70,25),(79,92),(80,78),(85,55),(86,2),(87,64),(88,88),(89,8),(90,60),(91,73),(92,76),(93,12),(0,0)]
cursos sac [(49,41),(60,2),(67,55),(85,51),(87,53),(93,91),(0,0)]
med [(1,88),(5,68),(37,69),(38,100),(40,85),(42,20),(46,12),(48,53),(51,81),(60,54),(67,91),(72,70),(76,73),(83,66),(93,23),(0,0)]
tse [(0,0)]
uol [(41,140),(49,148),(52,151),(60,159),(70,169),(77,176),(78,177),(79,178),(90,189),(0,0)]
senha [(46,0.46),(47,0.47000000000000003),(48,0.48000000000000004),(60,0.6),(76,0.76),(79,0.79),(81,0.81),(83,0.8300000000000001),(0,0)]
mail [(32,0.32),(40,0.4),(42,0.42000000000000004),(46,0.46),(47,0.47000000000000003),(49,0.49),(50,0.5),(52,0.52),(60,0.6),(68,0.68),(75,0.75),(77,0.77),(78,0.78),(79,0.79),(80,0.8),(81,0.81),(82,0.8200000000000001),(83,0.8300000000000001),(84,0.8400000000000001),(90,0.9),(0,0)]
ads [(2,2.0e-2),(3,3.0e-2),(4,4.0e-2),(5,5.0e-2),(6,6.0000000000000005e-2),(7,6.999999999999999e-2),(8,8.0e-2),(9,9.0e-2),(10,9.999999999999999e-2),(23,0.23),(24,0.24000000000000002),(25,0.25),(26,0.26),(27,0.27),(28,0.28),(29,0.29000000000000004),(30,0.3),(31,0.31),(32,0.32),(33,0.33),(34,0.34),(35,0.35000000000000003),(36,0.36000000000000004),(37,0.37),(38,0.38),(49,0.49),(52,0.52),(53,0.53),(54,0.54),(55,0.55),(56,0.56),(57,0.5700000000000001),(69,0.6900000000000001),(70,0.7000000000000001),(78,0.78),(85,0.85),(86,0.86),(87,0.87),(88,0.88),(89,0.89),(91,0.91),(92,0.92),(93,0.93),(0,0)]
club [(5,5.0e-2),(49,0.49),(52,0.52),(69,0.6900000000000001),(79,0.79),(90,0.9),(0,0)]
no [(1,1.0e-2),(2,2.0e-2),(3,3.0e-2),(4,4.0e-2),(5,5.0e-2),(6,6.0000000000000005e-2),(7,6.999999999999999e-2),(8,8.0e-2),(9,9.0e-2),(10,9.999999999999999e-2),(23,0.23),(24,0.24000000000000002),(25,0.25),(26,0.26),(27,0.27),(28,0.28),(29,0.29000000000000004),(30,0.3),(31,0.31),(32,0.32),(33,0.33),(34,0.34),(35,0.35000000000000003),(36,0.36000000000000004),(37,0.37),(38,0.38),(39,0.39),(40,0.4),(41,0.41000000000000003),(42,0.42000000000000004),(43,0.43),(46,0.46),(47,0.47000000000000003),(48,0.48000000000000004),(49,0.49),(50,0.5),(51,0.51),(52,0.52),(53,0.53),(54,0.54),(55,0.55),(56,0.56),(57,0.5700000000000001),(58,0.5800000000000001),(59,0.59),(60,0.6),(61,0.61),(62,0.62),(63,0.63),(64,0.64),(66,0.66),(67,0.67),(68,0.68),(69,0.6900000000000001),(70,0.7000000000000001),(72,0.72),(73,0.73),(74,0.74),(75,0.75),(76,0.76),(77,0.77),(78,0.78),(79,0.79),(80,0.8),(81,0.81),(82,0.8200000000000001),(83,0.8300000000000001),(84,0.8400000000000001),(85,0.85),(86,0.86),(87,0.87),(88,0.88),(89,0.89),(90,0.9),(91,0.91),(92,0.92),(93,0.93),(0,0)]

demais [(2,2.0e-2),(3,3.0e-2),(4,4.0e-2),(5,5.0e-2),(6,6.0000000000000005e-2),(7,6.999999999999999e-2),(8,8.0e-2),(9,9.0e-2),(10,9.999999999999999e-2),(23,0.23),(24,0.24000000000000002),(25,0.25),(26,0.26),(27,0.27),(28,0.28),(29,0.29000000000000004),(30,0.3),(31,0.31),(32,0.32),(33,0.33),(34,0.34),(35,0.35000000000000003),(36,0.36000000000000004),(37,0.37),(38,0.38),(47,0.47000000000000003),(52,0.52),(53,0.53),(54,0.54),(55,0.55),(56,0.56),(57,0.5700000000000001),(60,0.6),(69,0.6900000000000001),(70,0.7000000000000001),(78,0.78),(81,0.81),(85,0.85),(86,0.86),(87,0.87),(88,0.88),(89,0.89),(91,0.91),(92,0.92),(93,0.93),(0,0)]
